{
  "advancedEditorSelectedIdentifier" : "ProjectBrowser",
  "openSceneRelativePaths" : [
    "Scene.usda"
  ],
  "recentIdentifiers" : {
    "26DBAE76-5DD8-47B6-A085-1B4ADA111097" : [

    ]
  },
  "sceneCameraHistory" : {
    "26DBAE76-5DD8-47B6-A085-1B4ADA111097" : [
      {
        "date" : 794781660.007132,
        "title" : "Untitled",
        "transform" : [
          -0.65798587,
          -1.35509435e-08,
          0.75303024,
          0,
          0.07164456,
          0.9954637,
          0.062601864,
          0,
          -0.74961436,
          0.09514165,
          -0.65500104,
          0,
          -0.92716473,
          0.25699914,
          -0.31533968,
          1
        ]
      },
      {
        "date" : 794781599.370128,
        "title" : "Untitled",
        "transform" : [
          -0.65798587,
          -1.35509435e-08,
          0.75303024,
          0,
          0.07164456,
          0.9954637,
          0.062601864,
          0,
          -0.74961436,
          0.09514165,
          -0.65500104,
          0,
          -1.0504842,
          0.21515548,
          -0.18028519,
          1
        ]
      },
      {
        "date" : 794780749.607711,
        "title" : "Untitled",
        "transform" : [
          -0.65798587,
          -1.35509435e-08,
          0.75303024,
          0,
          0.07164456,
          0.9954637,
          0.062601864,
          0,
          -0.74961436,
          0.09514165,
          -0.65500104,
          0,
          -1.2082584,
          0.24525991,
          0.004651785,
          1
        ]
      },
      {
        "date" : 794780743.066822,
        "title" : "Untitled",
        "transform" : [
          -0.89633495,
          -9.538894e-09,
          0.44337744,
          0,
          0.07915903,
          0.98393327,
          0.16002846,
          0,
          -0.43625385,
          0.17853643,
          -0.8819338,
          0,
          -0.38598177,
          0.45430958,
          -0.55105937,
          1
        ]
      },
      {
        "date" : 794780739.791,
        "title" : "Untitled",
        "transform" : [
          -0.89633495,
          -9.538894e-09,
          0.44337744,
          0,
          0.07915903,
          0.98393327,
          0.16002846,
          0,
          -0.43625385,
          0.17853643,
          -0.8819338,
          0,
          -0.38986835,
          0.39449927,
          -0.56124485,
          1
        ]
      },
      {
        "date" : 794780720.366781,
        "title" : "Untitled",
        "transform" : [
          -0.89633495,
          -9.538894e-09,
          0.44337744,
          0,
          0.07915903,
          0.98393327,
          0.16002846,
          0,
          -0.43625385,
          0.17853643,
          -0.8819338,
          0,
          -0.38598806,
          0.4754674,
          -0.5467733,
          1
        ]
      },
      {
        "date" : 789598484.531069,
        "title" : "Untitled",
        "transform" : [
          -0.89633495,
          -9.538894e-09,
          0.44337744,
          0,
          0.07915903,
          0.98393327,
          0.16002846,
          0,
          -0.43625385,
          0.17853643,
          -0.8819338,
          0,
          -0.37859282,
          0.052374452,
          -0.6360813,
          1
        ]
      },
      {
        "date" : 789594919.982613,
        "title" : "Untitled",
        "transform" : [
          -0.89633495,
          -9.538894e-09,
          0.44337744,
          0,
          0.07915903,
          0.98393327,
          0.16002846,
          0,
          -0.43625385,
          0.17853643,
          -0.8819338,
          0,
          -0.63645166,
          0.35788593,
          -1.0804809,
          1
        ]
      },
      {
        "date" : 789594915.482362,
        "title" : "Untitled",
        "transform" : [
          -0.89633495,
          -9.538894e-09,
          0.44337744,
          0,
          0.07915903,
          0.98393327,
          0.16002846,
          0,
          -0.43625385,
          0.17853643,
          -0.8819338,
          0,
          -0.21074489,
          0.1359711,
          -0.32937264,
          1
        ]
      },
      {
        "date" : 789594767.081858,
        "title" : "Untitled",
        "transform" : [
          -0.89633495,
          -9.538894e-09,
          0.44337744,
          0,
          0.07915903,
          0.98393327,
          0.16002846,
          0,
          -0.43625385,
          0.17853643,
          -0.8819338,
          0,
          -0.19231448,
          0.13477474,
          -0.3387316,
          1
        ]
      }
    ]
  },
  "sceneViewportBackgroundColors" : {

  }
}